-1000.0 1000.0 -1000.0 1000.0
652.0 -804.0 652.0 798.0
-49.0 211.0 -724.0 211.0
748.0 -636.0 777.0 -636.0
518.0 -500.0 518.0 -770.0
-376.0 -892.0 -376.0 -129.0
125.0 -616.0 125.0 11.0
-564.0 -222.0 381.0 -222.0
58.0 356.0 58.0 266.0
-338.0 -554.0 -338.0 -906.0
244.0 -690.0 645.0 -690.0
298.0 -276.0 298.0 -873.0
-724.0 -903.0 763.0 -903.0
876.0 276.0 876.0 -247.0
910.0 -585.0 910.0 -815.0
-231.0 314.0 127.0 314.0
90.0 390.0 90.0 -942.0
-890.0 -87.0 -572.0 -87.0
-262.0 -516.0 -262.0 40.0
920.0 611.0 920.0 -506.0
-255.0 -382.0 -979.0 -382.0
530.0 -946.0 -89.0 -946.0
-624.0 196.0 -624.0 919.0
495.0 458.0 -241.0 458.0
984.0 -560.0 984.0 225.0
-55.0 325.0 -55.0 -258.0
-371.0 -303.0 -371.0 12.0
-814.0 -333.0 940.0 -333.0
683.0 -511.0 572.0 -511.0
-922.0 14.0 -611.0 14.0
-541.0 -745.0 813.0 -745.0
-831.0 -657.0 715.0 -657.0
610.0 89.0 203.0 89.0
775.0 351.0 -3.0 351.0
-617.0 610.0 -617.0 -363.0
-185.0 -885.0 -185.0 -716.0
859.0 741.0 -565.0 741.0
-787.0 -143.0 -787.0 729.0
363.0 -319.0 363.0 894.0
-632.0 -81.0 242.0 -81.0
-547.0 -287.0 -71.0 -287.0
-395.0 938.0 -395.0 200.0
-835.0 -382.0 -835.0 788.0
914.0 -192.0 914.0 -880.0
799.0 739.0 789.0 739.0
298.0 -229.0 298.0 -885.0
167.0 203.0 -894.0 203.0
-97.0 -16.0 418.0 -16.0
-328.0 574.0 -613.0 574.0
-640.0 873.0 402.0 873.0
-804.0 34.0 -804.0 759.0
-879.0 825.0 -879.0 406.0
-564.0 981.0 -394.0 981.0
-289.0 701.0 483.0 701.0
666.0 823.0 666.0 125.0
-266.0 -504.0 -454.0 -504.0
727.0 937.0 937.0 937.0
315.0 989.0 -764.0 989.0
-794.0 -285.0 -794.0 -384.0
735.0 -667.0 735.0 -967.0
-849.0 -180.0 -849.0 597.0
-291.0 435.0 -291.0 168.0
-773.0 -311.0 912.0 -311.0
18.0 918.0 944.0 918.0
-253.0 585.0 -253.0 -229.0
-502.0 -477.0 414.0 -477.0
206.0 -217.0 -88.0 -217.0
-807.0 -294.0 -693.0 -294.0
481.0 -749.0 -447.0 -749.0
-337.0 430.0 -393.0 430.0
236.0 -138.0 236.0 -386.0
54.0 -181.0 54.0 344.0
-61.0 337.0 -382.0 337.0
-342.0 13.0 -703.0 13.0
6.0 -410.0 6.0 -901.0
230.0 838.0 -928.0 838.0
-549.0 -784.0 -549.0 857.0
-216.0 -393.0 -216.0 59.0
-256.0 915.0 99.0 915.0
834.0 -153.0 834.0 -448.0
-555.0 909.0 -555.0 212.0
-483.0 -614.0 -483.0 -763.0
295.0 90.0 995.0 90.0
59.0 685.0 59.0 499.0
-617.0 -668.0 -931.0 -668.0
399.0 365.0 399.0 -1000.0
359.0 189.0 359.0 -416.0
-126.0 -101.0 80.0 -101.0
-725.0 97.0 -725.0 899.0
549.0 -182.0 549.0 -252.0
-931.0 -381.0 608.0 -381.0
365.0 -159.0 365.0 669.0
418.0 418.0 912.0 418.0
-904.0 298.0 902.0 298.0
-988.0 141.0 -988.0 802.0
32.0 -505.0 32.0 -544.0
184.0 -103.0 184.0 -863.0
-5.0 73.0 -5.0 446.0
601.0 -108.0 601.0 235.0
201.0 954.0 201.0 459.0
984.0 -705.0 984.0 -460.0
-497.0 951.0 19.0 951.0
-851.0 916.0 164.0 916.0
-150.0 803.0 -150.0 -264.0
414.0 -280.0 414.0 910.0
152.0 -687.0 -498.0 -687.0
614.0 -121.0 -851.0 -121.0
574.0 -960.0 -102.0 -960.0
-676.0 140.0 765.0 140.0
-25.0 -670.0 -461.0 -670.0
-890.0 -309.0 -890.0 -442.0
755.0 -936.0 755.0 -172.0
248.0 -978.0 248.0 684.0
791.0 823.0 517.0 823.0
320.0 576.0 319.0 576.0
83.0 -489.0 83.0 273.0
-998.0 443.0 476.0 443.0
-342.0 46.0 -342.0 987.0
-742.0 -173.0 -742.0 -82.0
832.0 194.0 832.0 -245.0
710.0 66.0 -496.0 66.0
820.0 113.0 820.0 146.0
-251.0 685.0 742.0 685.0
-959.0 176.0 -959.0 918.0
-21.0 646.0 -21.0 -686.0
-491.0 -824.0 416.0 -824.0
525.0 -438.0 -12.0 -438.0
28.0 -654.0 318.0 -654.0
-38.0 553.0 -38.0 662.0
568.0 -536.0 561.0 -536.0
907.0 -4.0 907.0 343.0
257.0 -202.0 257.0 100.0
762.0 -698.0 762.0 -989.0
-807.0 31.0 -24.0 31.0
-690.0 -438.0 863.0 -438.0
168.0 606.0 168.0 467.0
-361.0 -79.0 -979.0 -79.0
-443.0 -734.0 -199.0 -734.0
-798.0 -412.0 -798.0 -610.0
-412.0 -856.0 -532.0 -856.0
-729.0 -794.0 -729.0 -19.0
528.0 149.0 528.0 -394.0
-289.0 119.0 608.0 119.0
-861.0 -206.0 -861.0 506.0
194.0 891.0 598.0 891.0
564.0 -766.0 564.0 963.0
973.0 -534.0 -407.0 -534.0
415.0 838.0 -736.0 838.0
-30.0 761.0 -30.0 -778.0
502.0 292.0 502.0 -800.0
-179.0 -983.0 -179.0 433.0
-949.0 378.0 133.0 378.0
849.0 191.0 849.0 -424.0
-446.0 488.0 580.0 488.0
698.0 -843.0 698.0 -762.0
718.0 442.0 718.0 651.0
741.0 -728.0 741.0 -943.0
-621.0 124.0 -621.0 21.0
-290.0 945.0 -290.0 946.0
748.0 -161.0 -807.0 -161.0
-448.0 450.0 -448.0 -861.0
255.0 479.0 255.0 -786.0
-144.0 187.0 -144.0 502.0
-710.0 279.0 -958.0 279.0
-910.0 -258.0 -948.0 -258.0
-967.0 -990.0 -967.0 -310.0
-262.0 419.0 -491.0 419.0
-620.0 -378.0 -620.0 -69.0
95.0 289.0 -722.0 289.0
571.0 398.0 549.0 398.0
-138.0 687.0 -138.0 -791.0
855.0 807.0 855.0 529.0
-33.0 -32.0 -777.0 -32.0
-455.0 -122.0 -455.0 210.0
947.0 64.0 -307.0 64.0
968.0 -643.0 968.0 -701.0
-598.0 256.0 -598.0 202.0
287.0 302.0 -427.0 302.0
419.0 -336.0 419.0 -784.0
232.0 144.0 232.0 -911.0
114.0 133.0 114.0 198.0
470.0 212.0 900.0 212.0
-989.0 302.0 -989.0 487.0
-712.0 -162.0 987.0 -162.0
831.0 359.0 831.0 953.0
78.0 603.0 857.0 603.0
725.0 -35.0 -734.0 -35.0
-324.0 924.0 687.0 924.0
921.0 -168.0 921.0 669.0
563.0 -324.0 124.0 -324.0
-953.0 -615.0 -403.0 -615.0
241.0 672.0 241.0 157.0
-883.0 -461.0 -391.0 -461.0
343.0 521.0 -562.0 521.0
439.0 -565.0 439.0 877.0
-123.0 -459.0 352.0 -459.0
232.0 -398.0 -415.0 -398.0
187.0 -242.0 187.0 167.0
559.0 -833.0 559.0 82.0
-910.0 798.0 -970.0 798.0
-130.0 -945.0 40.0 -945.0
967.0 170.0 967.0 705.0
302.0 -467.0 302.0 729.0
931.0 612.0 931.0 172.0
204.0 -546.0 204.0 -831.0
-781.0 -767.0 -781.0 -866.0
-595.0 595.0 -595.0 837.0
14.0 647.0 14.0 69.0
193.0 -307.0 -435.0 -307.0
583.0 -973.0 583.0 -661.0
146.0 -369.0 146.0 -597.0
-412.0 981.0 -634.0 981.0
-191.0 -670.0 -191.0 475.0
100.0 -835.0 100.0 -16.0
-345.0 -150.0 -702.0 -150.0
275.0 273.0 -10.0 273.0
-821.0 879.0 -362.0 879.0
829.0 -895.0 133.0 -895.0
785.0 981.0 785.0 412.0
566.0 -935.0 -732.0 -935.0
-301.0 25.0 -16.0 25.0
-536.0 661.0 -84.0 661.0
957.0 -704.0 957.0 -871.0
889.0 -581.0 889.0 502.0
-787.0 -957.0 -375.0 -957.0
696.0 -558.0 544.0 -558.0
136.0 179.0 136.0 -658.0
295.0 -840.0 -46.0 -840.0
-101.0 752.0 65.0 752.0
-289.0 -427.0 -209.0 -427.0
971.0 -120.0 -337.0 -120.0
-800.0 38.0 -800.0 -578.0
-567.0 514.0 295.0 514.0
-45.0 -328.0 -45.0 216.0
269.0 -723.0 398.0 -723.0
742.0 -272.0 217.0 -272.0
-992.0 -667.0 -992.0 489.0
-673.0 481.0 -91.0 481.0
750.0 -200.0 -108.0 -200.0
932.0 861.0 932.0 -808.0
-557.0 866.0 -495.0 866.0
-987.0 137.0 -179.0 137.0
167.0 -551.0 167.0 -912.0
-827.0 -421.0 -142.0 -421.0
139.0 -184.0 -647.0 -184.0
-634.0 922.0 -634.0 471.0
-673.0 266.0 -682.0 266.0
591.0 878.0 591.0 654.0
939.0 -518.0 -613.0 -518.0
-183.0 -904.0 -183.0 -485.0
167.0 -803.0 -610.0 -803.0
414.0 -591.0 -454.0 -591.0
-188.0 -288.0 -40.0 -288.0
-121.0 -49.0 -697.0 -49.0
-136.0 -871.0 -136.0 685.0
622.0 498.0 -442.0 498.0
-527.0 44.0 -527.0 -279.0
-12.0 128.0 -12.0 714.0
283.0 4.0 -265.0 4.0
199.0 731.0 199.0 769.0
588.0 -364.0 194.0 -364.0
911.0 -575.0 920.0 -575.0
-43.0 430.0 -43.0 -194.0
-653.0 -850.0 -108.0 -850.0
-92.0 877.0 -92.0 -311.0
266.0 -528.0 266.0 -952.0
-383.0 615.0 -383.0 -519.0
614.0 -92.0 614.0 682.0
357.0 -223.0 -570.0 -223.0
-676.0 -64.0 -676.0 -707.0
82.0 -530.0 82.0 586.0
240.0 11.0 -514.0 11.0
747.0 50.0 747.0 729.0
-332.0 -474.0 193.0 -474.0
91.0 -549.0 -476.0 -549.0
-941.0 -407.0 -941.0 -491.0
930.0 762.0 930.0 -60.0
-604.0 -359.0 205.0 -359.0
202.0 -204.0 202.0 709.0
847.0 -579.0 242.0 -579.0
-363.0 -474.0 -363.0 860.0
968.0 393.0 968.0 -248.0
-924.0 -133.0 -816.0 -133.0
-144.0 285.0 164.0 285.0
893.0 843.0 893.0 259.0
886.0 -383.0 829.0 -383.0
38.0 -54.0 77.0 -54.0
-650.0 195.0 -650.0 838.0
-276.0 -153.0 340.0 -153.0
464.0 783.0 35.0 783.0
763.0 -240.0 568.0 -240.0
900.0 -482.0 -480.0 -482.0
721.0 -137.0 721.0 832.0
326.0 -658.0 915.0 -658.0
34.0 34.0 34.0 -769.0
262.0 638.0 -840.0 638.0
318.0 -361.0 -766.0 -361.0
-747.0 434.0 -747.0 -226.0
-186.0 420.0 -364.0 420.0
954.0 -813.0 954.0 816.0
-786.0 -407.0 83.0 -407.0
246.0 -652.0 246.0 761.0
914.0 722.0 914.0 -347.0
-722.0 788.0 -722.0 -532.0
314.0 -923.0 314.0 979.0
-989.0 -771.0 -989.0 -622.0
210.0 -921.0 538.0 -921.0
418.0 758.0 418.0 146.0
434.0 616.0 749.0 616.0
-270.0 -112.0 -270.0 -118.0
-860.0 -288.0 -860.0 43.0
211.0 752.0 -525.0 752.0
-724.0 -524.0 -798.0 -524.0
-827.0 393.0 496.0 393.0
714.0 341.0 714.0 -474.0
42.0 168.0 294.0 168.0
44.0 583.0 -487.0 583.0
-343.0 -848.0 -629.0 -848.0
-816.0 621.0 -816.0 256.0
-922.0 953.0 397.0 953.0
99.0 469.0 99.0 -131.0
155.0 -918.0 201.0 -918.0
661.0 844.0 661.0 -63.0
770.0 -576.0 770.0 896.0
693.0 511.0 693.0 262.0
592.0 -298.0 592.0 70.0
774.0 308.0 774.0 -573.0
-439.0 507.0 485.0 507.0
296.0 -757.0 -222.0 -757.0
-50.0 -289.0 -951.0 -289.0
-743.0 149.0 -743.0 514.0
-247.0 315.0 -247.0 -523.0
-402.0 748.0 -257.0 748.0
-568.0 412.0 -568.0 -698.0
-349.0 334.0 -349.0 437.0
-1000.0 -984.0 -60.0 -984.0
785.0 996.0 785.0 184.0
-244.0 372.0 -244.0 -234.0
200.0 -791.0 200.0 -991.0
704.0 -142.0 704.0 -488.0
490.0 -337.0 393.0 -337.0
613.0 495.0 613.0 -798.0
-140.0 967.0 -140.0 786.0
22.0 681.0 22.0 6.0
-636.0 -404.0 -355.0 -404.0
8.0 83.0 4.0 83.0
-731.0 679.0 268.0 679.0
-215.0 694.0 -215.0 -877.0
-318.0 83.0 -318.0 912.0
-652.0 -708.0 -652.0 742.0
537.0 130.0 908.0 130.0
180.0 -553.0 769.0 -553.0
615.0 -567.0 615.0 -215.0
-775.0 202.0 658.0 202.0
-301.0 806.0 236.0 806.0
-534.0 -410.0 -989.0 -410.0
-899.0 -160.0 -899.0 -225.0
-905.0 509.0 -905.0 -690.0
665.0 236.0 900.0 236.0
510.0 985.0 680.0 985.0
-499.0 -856.0 274.0 -856.0
394.0 679.0 394.0 -898.0
-223.0 602.0 895.0 602.0
-925.0 861.0 381.0 861.0
366.0 504.0 723.0 504.0
855.0 -504.0 855.0 -423.0
-718.0 -794.0 -859.0 -794.0
-64.0 310.0 587.0 310.0
42.0 -367.0 42.0 -622.0
584.0 942.0 584.0 -441.0
298.0 24.0 -869.0 24.0
-895.0 -570.0 -895.0 529.0
-136.0 159.0 -370.0 159.0
-270.0 406.0 -270.0 131.0
-468.0 200.0 -8.0 200.0
220.0 814.0 220.0 796.0
-688.0 361.0 643.0 361.0
-572.0 36.0 173.0 36.0
-867.0 -523.0 -364.0 -523.0
853.0 -942.0 853.0 881.0
331.0 41.0 681.0 41.0
668.0 163.0 -849.0 163.0
680.0 783.0 262.0 783.0
885.0 158.0 -235.0 158.0
656.0 667.0 656.0 690.0
-845.0 239.0 -845.0 -590.0
-207.0 -47.0 -207.0 852.0
-551.0 578.0 -208.0 578.0
-319.0 293.0 -319.0 153.0
629.0 5.0 629.0 -998.0
975.0 12.0 975.0 543.0
2.0 -635.0 2.0 719.0
-615.0 419.0 -201.0 419.0
-737.0 -987.0 -132.0 -987.0
-651.0 685.0 290.0 685.0
694.0 -719.0 470.0 -719.0
-946.0 637.0 -722.0 637.0
811.0 330.0 811.0 730.0
976.0 -185.0 646.0 -185.0
158.0 462.0 -998.0 462.0
-94.0 167.0 69.0 167.0
62.0 -885.0 62.0 277.0
-865.0 -225.0 -865.0 -229.0
300.0 606.0 -348.0 606.0
-972.0 605.0 -972.0 498.0
656.0 853.0 656.0 -301.0
522.0 364.0 -540.0 364.0
-262.0 -139.0 -262.0 476.0
-836.0 326.0 -88.0 326.0
-455.0 -756.0 -871.0 -756.0
-219.0 692.0 -406.0 692.0
-262.0 -918.0 -262.0 -576.0
-654.0 -296.0 -654.0 -105.0
581.0 268.0 581.0 -406.0
-428.0 549.0 -421.0 549.0
562.0 229.0 562.0 -259.0
-58.0 338.0 -995.0 338.0
980.0 -100.0 980.0 -373.0
-206.0 517.0 -206.0 -466.0
-210.0 63.0 217.0 63.0
732.0 94.0 -964.0 94.0
185.0 -423.0 -897.0 -423.0
-177.0 -660.0 -106.0 -660.0
996.0 -502.0 312.0 -502.0
-343.0 349.0 -343.0 49.0
626.0 -796.0 33.0 -796.0
-39.0 -290.0 -809.0 -290.0
-738.0 797.0 -738.0 950.0
-389.0 737.0 91.0 737.0
-824.0 -664.0 -366.0 -664.0
342.0 -347.0 342.0 -575.0
-644.0 -909.0 839.0 -909.0
218.0 307.0 722.0 307.0
-68.0 -746.0 -68.0 -11.0
-87.0 989.0 -87.0 -600.0
321.0 285.0 -742.0 285.0
-845.0 455.0 356.0 455.0
-389.0 57.0 -389.0 380.0
586.0 18.0 -245.0 18.0
921.0 45.0 921.0 -507.0
5.0 992.0 5.0 -871.0
-785.0 -660.0 260.0 -660.0
-621.0 -253.0 -552.0 -253.0
-80.0 429.0 -491.0 429.0
832.0 200.0 -598.0 200.0
272.0 482.0 272.0 -241.0
-427.0 -903.0 -427.0 -386.0
605.0 296.0 605.0 856.0
838.0 -834.0 838.0 -977.0
-78.0 -207.0 -78.0 -673.0
-893.0 -122.0 -893.0 205.0
-822.0 -264.0 -418.0 -264.0
-723.0 149.0 735.0 149.0
-370.0 -975.0 -247.0 -975.0
-751.0 -805.0 -751.0 286.0
-482.0 -614.0 -482.0 294.0
122.0 -167.0 -193.0 -167.0
912.0 -719.0 282.0 -719.0
-400.0 884.0 -400.0 215.0
579.0 -722.0 -564.0 -722.0
-695.0 116.0 -695.0 -149.0
668.0 82.0 386.0 82.0
259.0 -560.0 259.0 -636.0
856.0 -448.0 625.0 -448.0
208.0 -259.0 208.0 786.0
406.0 754.0 -969.0 754.0
503.0 501.0 503.0 -536.0
304.0 -236.0 304.0 -450.0
526.0 743.0 -305.0 743.0
-923.0 236.0 12.0 236.0
-133.0 709.0 255.0 709.0
-34.0 -523.0 -629.0 -523.0
-711.0 -616.0 -914.0 -616.0
-204.0 558.0 -204.0 590.0
-320.0 -105.0 752.0 -105.0
-679.0 407.0 -629.0 407.0
14.0 109.0 966.0 109.0
1000.0 761.0 1000.0 625.0
269.0 895.0 269.0 446.0
946.0 -987.0 -128.0 -987.0
-789.0 -87.0 -412.0 -87.0
212.0 -2.0 212.0 642.0
54.0 -765.0 557.0 -765.0
-138.0 -16.0 -138.0 318.0
-17.0 598.0 -17.0 39.0
-446.0 186.0 -812.0 186.0
819.0 -312.0 819.0 -244.0
-738.0 517.0 -585.0 517.0
-378.0 -47.0 -378.0 96.0
-889.0 -771.0 118.0 -771.0
845.0 -909.0 -521.0 -909.0
-552.0 -464.0 -552.0 -568.0
-374.0 621.0 -261.0 621.0
95.0 624.0 -895.0 624.0
975.0 -373.0 683.0 -373.0
-766.0 -758.0 -546.0 -758.0
590.0 870.0 518.0 870.0
-748.0 -895.0 375.0 -895.0
932.0 -522.0 -43.0 -522.0
-892.0 938.0 -892.0 -846.0
-866.0 86.0 -48.0 86.0
533.0 -778.0 -948.0 -778.0
731.0 -944.0 731.0 953.0
209.0 -979.0 630.0 -979.0
-182.0 369.0 601.0 369.0
236.0 -995.0 236.0 -417.0
653.0 -254.0 689.0 -254.0
-958.0 732.0 650.0 732.0
277.0 -103.0 -472.0 -103.0
-529.0 -384.0 -727.0 -384.0
-47.0 -587.0 -47.0 -945.0
943.0 -347.0 943.0 -133.0
-578.0 -986.0 -522.0 -986.0
-981.0 929.0 -981.0 -481.0
862.0 -355.0 862.0 77.0
-860.0 970.0 -860.0 -767.0
280.0 -370.0 280.0 704.0
-117.0 -632.0 -320.0 -632.0
-275.0 129.0 -680.0 129.0
591.0 123.0 945.0 123.0
103.0 37.0 210.0 37.0
455.0 -329.0 453.0 -329.0
387.0 873.0 387.0 850.0
79.0 857.0 79.0 27.0
943.0 577.0 943.0 -92.0
360.0 992.0 316.0 992.0
190.0 -207.0 190.0 -696.0
596.0 -285.0 596.0 479.0
291.0 661.0 291.0 779.0
177.0 -102.0 -243.0 -102.0
-641.0 699.0 815.0 699.0
-488.0 -864.0 -488.0 -504.0
318.0 -792.0 318.0 -685.0
-696.0 -225.0 -696.0 -828.0
908.0 -669.0 946.0 -669.0
303.0 -392.0 46.0 -392.0
-228.0 83.0 -776.0 83.0
-803.0 266.0 -803.0 851.0
-236.0 578.0 -570.0 578.0
890.0 -527.0 -799.0 -527.0
-446.0 137.0 572.0 137.0
-972.0 841.0 -972.0 142.0
-337.0 616.0 257.0 616.0
240.0 -157.0 -513.0 -157.0
577.0 235.0 577.0 -565.0
63.0 794.0 -798.0 794.0
914.0 -377.0 -356.0 -377.0
35.0 -755.0 -103.0 -755.0
242.0 -15.0 242.0 -744.0
861.0 -362.0 -110.0 -362.0
-353.0 -125.0 -353.0 -336.0
340.0 -471.0 340.0 147.0
-473.0 690.0 -473.0 856.0
255.0 186.0 636.0 186.0
-861.0 -659.0 -684.0 -659.0
-290.0 192.0 -838.0 192.0
-615.0 706.0 182.0 706.0
663.0 923.0 663.0 -700.0
71.0 -209.0 -6.0 -209.0
-180.0 456.0 -180.0 379.0
-412.0 -547.0 -467.0 -547.0
883.0 17.0 -823.0 17.0
617.0 816.0 617.0 -739.0
569.0 936.0 569.0 -400.0
2.0 508.0 2.0 328.0
958.0 -884.0 -826.0 -884.0
694.0 -265.0 694.0 -426.0
-844.0 -112.0 -844.0 129.0
-264.0 -705.0 -264.0 -498.0
658.0 -728.0 658.0 967.0
101.0 149.0 101.0 -40.0
-649.0 -757.0 -649.0 138.0
-478.0 462.0 -506.0 462.0
137.0 -373.0 65.0 -373.0
916.0 452.0 -383.0 452.0
878.0 -176.0 878.0 -14.0
-644.0 683.0 868.0 683.0
-226.0 10.0 -226.0 815.0
155.0 -592.0 -216.0 -592.0
916.0 -169.0 916.0 -336.0
-659.0 783.0 -659.0 812.0
453.0 -439.0 579.0 -439.0
-975.0 -908.0 -600.0 -908.0
-836.0 742.0 424.0 742.0
-798.0 -494.0 867.0 -494.0
-823.0 -926.0 -823.0 -281.0
-434.0 -991.0 -976.0 -991.0
201.0 281.0 877.0 281.0
419.0 287.0 982.0 287.0
-477.0 978.0 -477.0 -636.0
-756.0 122.0 -756.0 630.0
-326.0 -286.0 -326.0 400.0
-361.0 -644.0 -361.0 86.0
198.0 897.0 198.0 -519.0
473.0 719.0 966.0 719.0
-112.0 -652.0 -112.0 -202.0
496.0 411.0 -536.0 411.0
-37.0 651.0 -37.0 -634.0
125.0 -402.0 125.0 902.0
865.0 118.0 865.0 823.0
834.0 94.0 834.0 -106.0
15.0 577.0 272.0 577.0
211.0 -543.0 211.0 540.0
890.0 940.0 411.0 940.0
-460.0 889.0 -460.0 -590.0
386.0 48.0 -918.0 48.0
-385.0 10.0 -385.0 157.0
-978.0 -672.0 -978.0 696.0
-530.0 -962.0 -530.0 -340.0
-124.0 -99.0 -124.0 622.0
568.0 785.0 -848.0 785.0
708.0 923.0 708.0 270.0
156.0 203.0 439.0 203.0
862.0 -933.0 862.0 -809.0
530.0 778.0 530.0 223.0
793.0 -659.0 793.0 -313.0
-450.0 337.0 -776.0 337.0
575.0 -708.0 816.0 -708.0
-654.0 -159.0 868.0 -159.0
-357.0 629.0 -764.0 629.0
156.0 -687.0 -868.0 -687.0
-484.0 -696.0 428.0 -696.0
95.0 -759.0 95.0 -890.0
-680.0 -74.0 -680.0 56.0
-858.0 -43.0 467.0 -43.0
-892.0 -368.0 -892.0 726.0
-858.0 599.0 739.0 599.0
352.0 166.0 544.0 166.0
840.0 969.0 840.0 -382.0
-107.0 119.0 -107.0 593.0
-617.0 -645.0 -617.0 643.0
-687.0 -503.0 -687.0 98.0
-840.0 480.0 357.0 480.0
-164.0 314.0 -308.0 314.0
-871.0 964.0 307.0 964.0
414.0 -581.0 963.0 -581.0
669.0 617.0 -352.0 617.0
-220.0 -304.0 -975.0 -304.0
409.0 -692.0 -52.0 -692.0
-846.0 207.0 -846.0 -154.0
-183.0 14.0 212.0 14.0
-121.0 -997.0 -121.0 -48.0
-351.0 -490.0 -351.0 -329.0
-131.0 -915.0 862.0 -915.0
-322.0 -569.0 -322.0 -800.0
-594.0 -166.0 451.0 -166.0
347.0 292.0 347.0 -627.0
-957.0 959.0 -957.0 61.0
-691.0 -643.0 -691.0 -12.0
905.0 -483.0 -80.0 -483.0
-1000.0 -892.0 -1000.0 512.0
-920.0 -378.0 -628.0 -378.0
-251.0 -856.0 -251.0 352.0
278.0 782.0 -389.0 782.0
-345.0 813.0 68.0 813.0
-249.0 644.0 -725.0 644.0
217.0 159.0 217.0 -101.0
109.0 -656.0 109.0 994.0
613.0 -771.0 613.0 572.0
-505.0 -626.0 -505.0 106.0
-81.0 882.0 -81.0 581.0
291.0 26.0 603.0 26.0
394.0 -462.0 858.0 -462.0
384.0 996.0 543.0 996.0
918.0 -595.0 918.0 173.0
375.0 -386.0 659.0 -386.0
-756.0 784.0 -470.0 784.0
-216.0 -395.0 -216.0 -245.0
-73.0 372.0 -456.0 372.0
179.0 -933.0 179.0 -547.0
-965.0 -678.0 132.0 -678.0
-752.0 734.0 -752.0 928.0
-877.0 75.0 -307.0 75.0
-764.0 -476.0 -428.0 -476.0
90.0 -417.0 90.0 130.0
827.0 79.0 816.0 79.0
-698.0 -943.0 620.0 -943.0
-148.0 -784.0 62.0 -784.0
-324.0 454.0 -324.0 352.0
245.0 779.0 689.0 779.0
579.0 618.0 -113.0 618.0
764.0 -290.0 496.0 -290.0
-781.0 202.0 -781.0 672.0
-393.0 5.0 -393.0 511.0
-498.0 -345.0 -502.0 -345.0
-631.0 -585.0 -172.0 -585.0
-415.0 -113.0 451.0 -113.0
-78.0 120.0 761.0 120.0
13.0 936.0 13.0 395.0
-146.0 -876.0 -127.0 -876.0
743.0 -656.0 743.0 336.0
-628.0 -315.0 55.0 -315.0
-353.0 -628.0 627.0 -628.0
-203.0 -30.0 -913.0 -30.0
282.0 143.0 282.0 -5.0
842.0 -48.0 -937.0 -48.0
-405.0 623.0 861.0 623.0
249.0 -366.0 249.0 -77.0
-226.0 -640.0 -226.0 93.0
-268.0 708.0 -965.0 708.0
-423.0 387.0 -423.0 40.0
-609.0 503.0 -609.0 -662.0
898.0 -437.0 898.0 -801.0
-865.0 725.0 -865.0 624.0
-96.0 -808.0 -147.0 -808.0
-102.0 719.0 931.0 719.0
575.0 812.0 -678.0 812.0
-600.0 906.0 -345.0 906.0
882.0 -398.0 509.0 -398.0
-580.0 63.0 181.0 63.0
720.0 -67.0 60.0 -67.0
607.0 -116.0 548.0 -116.0
-105.0 -215.0 -92.0 -215.0
245.0 -976.0 245.0 954.0
-312.0 -902.0 -312.0 682.0
104.0 -19.0 104.0 -996.0
62.0 -902.0 62.0 387.0
-903.0 -774.0 -68.0 -774.0
922.0 -802.0 922.0 236.0
-920.0 906.0 -961.0 906.0
604.0 714.0 -549.0 714.0
390.0 729.0 830.0 729.0
803.0 491.0 803.0 704.0
0.0 -542.0 742.0 -542.0
-925.0 -7.0 994.0 -7.0
-982.0 -945.0 -982.0 934.0
-310.0 242.0 -310.0 28.0
326.0 686.0 326.0 804.0
-396.0 309.0 -396.0 212.0
-781.0 -631.0 -781.0 593.0
683.0 -305.0 187.0 -305.0
191.0 -388.0 191.0 -751.0
-43.0 604.0 -43.0 611.0
501.0 579.0 501.0 -997.0
-748.0 935.0 -554.0 935.0
-295.0 -387.0 -295.0 -388.0
-91.0 220.0 -937.0 220.0
-56.0 503.0 94.0 503.0
-661.0 -821.0 -661.0 85.0
-133.0 475.0 -133.0 758.0
-587.0 332.0 -587.0 -564.0
-841.0 495.0 -841.0 -872.0
795.0 -46.0 795.0 -721.0
52.0 -210.0 52.0 601.0
219.0 -360.0 659.0 -360.0
-761.0 548.0 -90.0 548.0
-442.0 -878.0 -124.0 -878.0
781.0 -854.0 781.0 709.0
-837.0 613.0 -837.0 712.0
47.0 879.0 -696.0 879.0
-506.0 -108.0 -506.0 -663.0
-409.0 -817.0 -409.0 150.0
184.0 544.0 93.0 544.0
-122.0 902.0 899.0 902.0
-254.0 892.0 -254.0 964.0
-995.0 537.0 327.0 537.0
-225.0 737.0 -75.0 737.0
-125.0 -860.0 -517.0 -860.0
-909.0 939.0 -909.0 498.0
-674.0 -441.0 -674.0 851.0
508.0 338.0 508.0 -110.0
50.0 -45.0 721.0 -45.0
-502.0 462.0 -502.0 -762.0
-107.0 87.0 307.0 87.0
-524.0 -720.0 -928.0 -720.0
536.0 247.0 37.0 247.0
239.0 188.0 -746.0 188.0
778.0 -614.0 778.0 945.0
192.0 -584.0 192.0 340.0
725.0 -845.0 -780.0 -845.0
888.0 83.0 888.0 -885.0
-163.0 -29.0 -60.0 -29.0
-525.0 292.0 323.0 292.0
-674.0 7.0 -27.0 7.0
177.0 -282.0 177.0 929.0
405.0 -465.0 -291.0 -465.0
-463.0 524.0 -474.0 524.0
523.0 -304.0 523.0 -780.0
425.0 590.0 425.0 732.0
-904.0 -607.0 -904.0 901.0
373.0 741.0 86.0 741.0
902.0 -3.0 887.0 -3.0
24.0 -416.0 -125.0 -416.0
-365.0 -452.0 -365.0 906.0
309.0 117.0 -875.0 117.0
776.0 -654.0 172.0 -654.0
-500.0 -795.0 -54.0 -795.0
286.0 -927.0 485.0 -927.0
-415.0 438.0 -415.0 -193.0
-255.0 -495.0 680.0 -495.0
590.0 -959.0 -564.0 -959.0
-12.0 103.0 -12.0 -507.0
588.0 628.0 588.0 785.0
916.0 -258.0 779.0 -258.0
-695.0 613.0 -695.0 -722.0
-680.0 670.0 -680.0 168.0
-470.0 676.0 726.0 676.0
192.0 160.0 553.0 160.0
-90.0 -299.0 -90.0 433.0
659.0 -371.0 -711.0 -371.0
963.0 303.0 -386.0 303.0
47.0 930.0 47.0 -852.0
1000.0 779.0 774.0 779.0
147.0 -202.0 147.0 495.0
196.0 623.0 695.0 623.0
992.0 -420.0 -436.0 -420.0
-229.0 -893.0 -229.0 989.0
118.0 -475.0 118.0 -101.0
932.0 -30.0 932.0 699.0
-31.0 820.0 -31.0 570.0
616.0 214.0 233.0 214.0
-714.0 874.0 -714.0 -16.0
-516.0 -358.0 -516.0 955.0
-364.0 -77.0 1.0 -77.0
219.0 865.0 219.0 -241.0
-341.0 263.0 -341.0 153.0
740.0 648.0 945.0 648.0
-425.0 690.0 -425.0 606.0
-43.0 -534.0 943.0 -534.0
-36.0 -705.0 557.0 -705.0
643.0 -208.0 643.0 982.0
-770.0 -756.0 541.0 -756.0
-251.0 961.0 -251.0 948.0
602.0 -878.0 602.0 586.0
573.0 -868.0 573.0 838.0
-630.0 255.0 -410.0 255.0
-53.0 -110.0 -53.0 -132.0
-7.0 -932.0 321.0 -932.0
-910.0 -729.0 177.0 -729.0
-472.0 -647.0 -472.0 -885.0
930.0 -603.0 -388.0 -603.0
426.0 -829.0 426.0 -21.0
849.0 999.0 -687.0 999.0
-256.0 -231.0 -256.0 -454.0
-911.0 421.0 900.0 421.0
-309.0 -894.0 451.0 -894.0
606.0 -666.0 -389.0 -666.0
-257.0 563.0 -257.0 -203.0
-189.0 -89.0 -574.0 -89.0
543.0 781.0 947.0 781.0
384.0 -49.0 384.0 93.0
-208.0 571.0 -208.0 -823.0
319.0 133.0 -314.0 133.0
447.0 -612.0 447.0 -153.0
-372.0 -539.0 -372.0 -23.0
-643.0 678.0 -643.0 -174.0
-104.0 -788.0 -104.0 -828.0
-869.0 667.0 -422.0 667.0
-303.0 -579.0 -303.0 905.0
886.0 -106.0 -494.0 -106.0
89.0 -107.0 -703.0 -107.0
-185.0 -452.0 -185.0 -542.0
557.0 -784.0 557.0 902.0
205.0 260.0 205.0 871.0
166.0 49.0 166.0 -746.0
130.0 330.0 130.0 -749.0
434.0 84.0 434.0 -935.0
830.0 -130.0 695.0 -130.0
-173.0 722.0 -173.0 794.0
-462.0 602.0 -462.0 -956.0
8.0 182.0 696.0 182.0
603.0 87.0 603.0 -452.0
832.0 -267.0 706.0 -267.0
85.0 -137.0 -180.0 -137.0
398.0 209.0 398.0 846.0
805.0 978.0 -56.0 978.0
225.0 -34.0 853.0 -34.0
831.0 -117.0 -396.0 -117.0
-103.0 -553.0 -103.0 -967.0
908.0 58.0 908.0 -917.0
-895.0 293.0 -895.0 -666.0
-558.0 219.0 972.0 219.0
954.0 -942.0 954.0 954.0
496.0 -803.0 -731.0 -803.0
808.0 618.0 -129.0 618.0
680.0 -705.0 914.0 -705.0
715.0 -70.0 715.0 493.0
82.0 234.0 870.0 234.0
679.0 -993.0 -63.0 -993.0
-263.0 -985.0 -359.0 -985.0
271.0 -6.0 271.0 919.0
817.0 -93.0 817.0 -777.0
-134.0 -421.0 670.0 -421.0
-279.0 228.0 -279.0 67.0
911.0 -391.0 -293.0 -391.0
846.0 826.0 -161.0 826.0
-401.0 -31.0 57.0 -31.0
301.0 -52.0 301.0 -858.0
459.0 -50.0 459.0 718.0
865.0 -114.0 865.0 933.0
-608.0 457.0 -337.0 457.0
645.0 -853.0 -9.0 -853.0
-629.0 728.0 -629.0 -632.0
788.0 908.0 420.0 908.0
-122.0 669.0 -608.0 669.0
702.0 367.0 788.0 367.0
64.0 717.0 408.0 717.0
-597.0 687.0 -597.0 551.0
-150.0 -393.0 205.0 -393.0
125.0 -78.0 994.0 -78.0
-626.0 955.0 962.0 955.0
-998.0 507.0 -998.0 503.0
-264.0 -866.0 88.0 -866.0
494.0 650.0 494.0 -534.0
-690.0 -741.0 -573.0 -741.0
-666.0 -194.0 -666.0 -657.0
690.0 643.0 398.0 643.0
710.0 929.0 -614.0 929.0
233.0 -65.0 233.0 565.0
-637.0 -844.0 -637.0 -656.0
-182.0 -359.0 -182.0 -675.0
-832.0 -493.0 -832.0 -514.0
794.0 849.0 794.0 -78.0
-807.0 497.0 -35.0 497.0
684.0 653.0 388.0 653.0
-668.0 -181.0 -668.0 -428.0
-362.0 -530.0 -839.0 -530.0
-619.0 -453.0 -307.0 -453.0
-55.0 422.0 351.0 422.0
-968.0 -772.0 -968.0 -757.0
505.0 -308.0 413.0 -308.0
177.0 -735.0 177.0 -290.0
-460.0 -9.0 -509.0 -9.0
-699.0 -916.0 -699.0 787.0
-814.0 462.0 -814.0 465.0
909.0 -885.0 -377.0 -885.0
952.0 147.0 -397.0 147.0
-804.0 853.0 179.0 853.0
-277.0 476.0 -757.0 476.0
100.0 586.0 -943.0 586.0
690.0 236.0 -772.0 236.0
277.0 -745.0 277.0 836.0
-580.0 -203.0 -580.0 -297.0
9.0 231.0 -498.0 231.0
-447.0 800.0 481.0 800.0
-655.0 423.0 -655.0 118.0
427.0 438.0 427.0 -501.0
-157.0 541.0 -157.0 83.0
-739.0 686.0 -739.0 -918.0
463.0 -491.0 463.0 952.0
52.0 -892.0 52.0 -771.0
737.0 -370.0 646.0 -370.0
-887.0 529.0 -887.0 -570.0
462.0 -453.0 462.0 428.0
-908.0 643.0 -908.0 -970.0
597.0 -640.0 597.0 -495.0
-631.0 647.0 -631.0 836.0
-817.0 156.0 -817.0 744.0
-154.0 -892.0 -154.0 -436.0
475.0 -862.0 475.0 -441.0
623.0 -529.0 909.0 -529.0
-145.0 -826.0 -145.0 692.0
-791.0 572.0 -493.0 572.0
-724.0 -998.0 -724.0 -410.0
-791.0 -774.0 -791.0 -819.0
-869.0 -695.0 -869.0 938.0
-201.0 -103.0 -308.0 -103.0
-758.0 905.0 -356.0 905.0
64.0 -485.0 64.0 -672.0
-960.0 12.0 -960.0 -355.0
692.0 65.0 692.0 -764.0
-613.0 -142.0 573.0 -142.0
495.0 -366.0 -412.0 -366.0
-73.0 956.0 -73.0 -232.0
458.0 377.0 458.0 787.0
-609.0 -642.0 -609.0 262.0
-313.0 -884.0 -313.0 -347.0
505.0 -640.0 505.0 -835.0
529.0 -377.0 529.0 -532.0
742.0 -407.0 -820.0 -407.0
-419.0 -651.0 -419.0 872.0
464.0 -990.0 464.0 928.0
-498.0 880.0 -498.0 541.0
312.0 590.0 312.0 385.0
-489.0 -6.0 -489.0 977.0
45.0 -149.0 991.0 -149.0
24.0 815.0 -650.0 815.0
46.0 590.0 -902.0 590.0
972.0 538.0 -970.0 538.0
-554.0 942.0 -554.0 77.0
-68.0 -428.0 -425.0 -428.0
116.0 779.0 116.0 46.0
-276.0 -562.0 -276.0 302.0
-285.0 -888.0 39.0 -888.0
287.0 458.0 580.0 458.0
-613.0 -866.0 203.0 -866.0
824.0 -3.0 824.0 -436.0
-400.0 303.0 -400.0 889.0
894.0 -329.0 9.0 -329.0
-677.0 172.0 -522.0 172.0
-634.0 452.0 -634.0 646.0
-461.0 -739.0 -461.0 -222.0
383.0 -473.0 -393.0 -473.0
-949.0 864.0 -17.0 864.0
466.0 652.0 466.0 383.0
980.0 857.0 980.0 786.0
-114.0 -991.0 -328.0 -991.0
-566.0 -932.0 -377.0 -932.0
-525.0 596.0 -525.0 904.0
-659.0 18.0 -659.0 -893.0
117.0 333.0 645.0 333.0
